3.359017
3.587785
3.809017
3.901057
3.950000
4.001057
3.809017
3.537785
3.359017
3.000000
2.640983
2.412215
2.140983
1.998943
1.950000
2.048943
2.190983
2.362215
2.740983
3.000000
3.309017
3.537785
3.759017
3.951057
4.000000
4.001057
3.859017
3.587785
3.259017
3.050000
2.690983
2.412215
2.240983
2.098943
1.950000
2.098943
2.190983
2.362215
2.640983
2.950000
3.359017
3.587785
3.759017
4.001057
4.050000
4.001057
3.809017
3.587785
3.259017
3.050000
2.640983
2.362215
2.240983
1.998943
2.000000
1.998943
2.190983
2.462215
2.640983
3.050000
3.309017
3.537785
3.859017
3.951057
4.050000
3.901057
3.859017
3.587785
3.359017
3.050000
2.640983
2.462215
2.140983
1.998943
1.950000
2.048943
2.190983
2.462215
2.640983
2.950000
3.259017
3.637785
3.859017
4.001057
4.000000
3.951057
3.859017
3.637785
3.359017
2.950000
2.740983
2.362215
2.240983
2.098943
2.000000
2.098943
2.190983
2.362215
2.640983
3.050000
3.359017
3.637785
3.809017
3.951057
3.950000
3.951057
3.859017
3.587785
3.359017
2.950000
2.640983
2.362215
2.140983
1.998943
2.000000
1.998943
2.140983
2.462215
2.740983
2.950000
3.259017
3.537785
3.859017
3.901057
4.050000
3.901057
3.759017
3.537785
3.259017
3.000000
2.640983
2.462215
2.140983
1.998943
1.950000
2.048943
2.190983
2.462215
2.640983
3.050000
3.259017
3.587785
3.809017
4.001057
4.000000
3.901057
3.809017
3.537785
3.309017
3.000000
2.640983
2.462215
2.190983
2.048943
2.000000
2.048943
2.140983
2.412215
2.640983
3.000000
3.359017
3.537785
3.859017
3.951057
4.050000
3.901057
3.859017
3.587785
3.359017
3.000000
2.640983
2.412215
2.240983
2.048943
2.000000
1.998943
2.190983
2.462215
2.740983
3.000000
3.359017
3.637785
3.759017
4.001057
4.000000
3.901057
3.759017
3.637785
3.259017
3.050000
2.640983
2.462215
2.190983
1.998943
1.950000
2.098943
2.190983
2.412215
2.740983
3.000000
3.259017
3.637785
3.859017
4.001057
3.950000
3.901057
3.809017
3.537785
3.309017
2.950000
2.740983
2.362215
2.140983
1.998943
2.000000
2.048943
2.140983
2.412215
2.690983
2.950000
3.259017
3.637785
3.859017
3.901057
4.050000
3.951057
3.859017
3.537785
3.359017
3.000000
2.740983
2.362215
2.140983
1.998943
1.950000
1.998943
2.190983
2.362215
2.740983
3.000000
3.359017
3.637785
3.759017
4.001057
4.050000
4.001057
3.859017
3.637785
3.309017
3.000000
2.640983
2.362215
2.140983
1.998943
2.050000
1.998943
2.190983
2.362215
2.640983
3.050000
3.359017
3.637785
3.809017
4.001057
3.950000
4.001057
3.809017
3.587785
3.259017
2.950000
2.640983
2.462215
2.190983
2.098943
2.050000
2.098943
2.140983
2.462215
2.640983
2.950000
3.359017
3.587785
3.809017
4.001057
3.950000
3.951057
3.809017
3.637785
3.309017
3.000000
2.640983
2.462215
2.140983
2.098943
2.000000
2.098943
2.240983
2.412215
2.690983
3.050000
3.309017
3.587785
3.809017
3.951057
4.000000
4.001057
3.759017
3.637785
3.309017
2.950000
2.640983
2.412215
2.190983
1.998943
2.050000
2.098943
2.240983
2.462215
2.690983
3.000000
3.309017
3.537785
3.809017
4.001057
4.050000
3.951057
3.809017
3.537785
3.309017
3.050000
2.690983
2.412215
2.140983
1.998943
2.000000
2.048943
2.140983
2.412215
2.640983
3.050000
3.359017
3.537785
3.809017
3.951057
4.050000
4.001057
3.759017
3.637785
3.309017
2.950000
2.740983
2.462215
2.190983
2.048943
2.000000
1.998943
2.190983
2.462215
2.740983
2.950000
3.259017
3.587785
3.859017
3.951057
4.000000
3.951057
3.809017
3.537785
3.259017
3.050000
2.640983
2.412215
2.240983
1.998943
2.000000
2.048943
2.190983
2.412215
2.640983
3.000000
3.259017
3.537785
3.859017
3.951057
3.950000
3.901057
3.859017
3.587785
3.309017
3.000000
2.640983
2.412215
2.140983
2.048943
2.000000
2.098943
2.190983
2.462215
2.640983
3.000000
3.359017
3.587785
3.809017
4.001057
3.950000
4.001057
3.809017
3.637785
3.259017
3.050000
2.690983
2.412215
2.140983
2.048943
2.000000
2.048943
2.140983
2.362215
2.740983
3.050000
3.259017
3.587785
3.759017
3.901057
4.000000
3.951057
3.759017
3.537785
3.359017
3.000000
2.690983
2.412215
2.140983
1.998943
2.000000
2.048943
2.240983
2.362215
2.740983
2.950000
3.309017
3.587785
3.759017
3.951057
4.000000
3.901057
3.759017
3.537785
3.359017
3.050000
2.640983
2.362215
2.240983
1.998943
2.000000
1.998943
2.240983
2.412215
2.640983
3.050000
3.359017
3.637785
3.859017
4.001057
4.050000
3.901057
3.809017
3.537785
3.259017
3.050000
2.690983
2.462215
2.190983
2.048943
2.050000
2.048943
2.190983
2.462215
2.690983
3.000000
3.309017
3.587785
3.759017
3.901057
4.000000
4.001057
3.859017
3.637785
3.309017
3.000000
2.690983
2.362215
2.240983
2.048943
2.000000
2.048943
2.140983
2.362215
2.690983
3.050000
